$ 1 0.000005 10.20027730826997 50 5 43 5e-11
r 176 80 384 80 0 10
w 176 80 176 352 0
c 384 352 176 352 0 0.000015 -0.08545366729022053 -10
l 384 240 384 352 0 1 0.006692065392452222 0
v 448 352 448 240 0 0 40 5 0 0 0.5
r 384 352 448 352 0 100
207 384 80 336 128 4 D0
418 416 64 480 48 0 1 40 5 0 0 0.5 ext
159 448 80 384 80 0 20 10000000000
s 448 128 448 160 0 0 false
s 384 128 384 160 0 0 false
w 448 80 448 128 0
w 384 80 384 128 0
w 384 240 384 160 0
w 448 240 448 160 0
o 3 64 0 4099 2.5 0.0125 0 2 3 3
o 2 64 0 4099 5 0.0125 1 2 2 3
o 0 64 0 4099 0.078125 0.0125 2 2 0 3
38 2 F1 0 0.000001 0.000101 -1 Capacitance
38 3 F1 0 0.01 1.01 -1 Inductance
38 0 F1 0 1 101 -1 Resistance
