$ 1 0.0000010416666667 1.2182493960703473 54 5 50 5e-11
v 352 96 448 96 0 6 30000 0 0 0 0.5
w 352 176 352 224 0
T 272 144 352 144 0 10 0.1 0.00020469499196917559 -0.000635810128902622 0.998
w 272 144 272 96 0
w 272 176 272 224 0
w 176 224 272 224 0
w 352 224 448 224 0
w 176 96 272 96 0
r 448 96 448 224 0 1000
w 352 144 352 96 0
g 176 224 176 240 0 0
g 352 224 352 240 0 0
418 176 96 160 48 0 1 40 5 0 0 0.5 Vs
207 448 96 400 128 4 Ve
o 12 8 0 12299 9.999802608561383 0.00025066982218062417 0 2 12 3
o 12 8 0 5128 10 0.1 1 2 12 3
o 13 8 0 4099 2.203466137396327 0.0001 2 2 13 3
o 13 8 0 5128 5 0.00009765625 3 2 13 3
38 2 F1 0 10 100 -1 Primary\sInductance
38 2 F1 1 8 10 -1 Ratio
38 2 F1 2 0.8 1 -1 Coupling\sCoefficient
